CCa  (135,628)  (119,582)
Milwaukee  (1715,408)  (1669,418)  (1669,372)  (1760,454)  (1761,381)  (1714,464)
NId  (470,170)  (424,215)  (424,169)  (515,216)  (470,124)  (516,124)  (516,170)
EOr  (280,356)  (280,310)  (326,298)
CKs  (1375,818)  (1329,855)  (1329,809)  (1421,782)  (1421,828)  (1283,815)  (1467,773)  (1467,819)  (1237,805)  (1191,801)
CCo  (865,778)  (819,797)  (911,746)
CKy  (1955,848)  (1931,894)  (1936,802)  (2001,852)
SCa  (373,851)  (327,875)  (377,805)  (419,854)
San Diego  (433,1043)  (387,1083)  (387,1037)  (437,997)  (479,1043)  (525,1005)
NAl  (1901,1096)  (1855,1133)  (1855,1087)  (1947,1081)  (1845,1041)
SCo  (1074,867)  (1028,891)  (1028,845)  (1120,847)  (1120,893)  (1166,858)
NSC  (2210,905)  (2256,867)
Boston  (2532,236)
Kansas City  (1317,707)  (1271,748)  (1271,702)  (1360,661)  (1363,707)  (1406,650)  (1225,742)  (1225,696)  (1409,696)  (1179,725)  (1179,679)  (1455,715)  (1133,667)
WCo  (813,870)  (767,877)  (766,831)  (859,871)  (720,872)  (905,861)
Seattle  (318,126)  (324,172)  (315,80)  (361,80)  (335,218)
CTx  (1352,1208)  (1355,1254)  (1398,1195)
NAz  (647,966)  (601,959)  (692,1012)  (654,920)  (693,966)
TxP  (1051,1306)  (1081,1352)  (1011,1260)  (1057,1260)  (1097,1306)
Canada  (2153,77)  (2107,122)  (2107,76)  (2198,123)  (2153,31)  (2199,31)  (2199,77)  (2105,30)  (2152,168)  (2106,168)  (2061,122)  (2061,76)  (2244,123)  (2244,169)  (2198,169)  (2060,169)  (2245,6)  (2245,52)  (2059,30)  (2152,214)  (2015,123)  (2015,77)  (2290,98)  (2290,144)  (2290,190)  (2244,215)  (2198,215)  (2014,174)  (2291,6)  (2291,52)  (2013,31)  (1969,128)  (1969,82)  (2336,98)  (2336,144)  (2202,261)  (2337,6)  (2337,52)  (1967,36)  (1923,131)  (1923,85)  (2382,98)  (2382,144)  (2383,6)  (2383,52)  (1921,39)  (2126,319)  (1877,87)  (2428,98)  (2429,6)  (2429,52)  (1875,41)  (2121,365)  (2474,98)  (2475,6)  (2475,52)  (1829,45)  (1783,45)
STx  (1344,1460)  (1298,1442)  (1378,1506)  (1390,1418)  (1407,1372)
S-1  (364,1360)  (399,1406)  (353,1406)  (339,1314)  (385,1314)  (394,1452)  (348,1452)  (344,1268)  (390,1268)  (388,1498)  (342,1498)  (350,1222)  (396,1222)  (382,1544)  (336,1544)  (356,1176)  (402,1176)
CND  (1205,215)  (1159,260)  (1159,214)  (1250,261)  (1205,169)  (1251,169)  (1251,215)  (1157,168)  (1113,293)  (1113,247)  (1296,261)  (1297,151)  (1297,197)  (1111,201)  (1111,155)  (1342,243)
S-3  (821,1389)  (775,1434)  (775,1388)  (866,1435)  (821,1343)  (867,1343)  (867,1389)  (773,1342)  (820,1480)  (774,1480)  (729,1434)  (729,1388)  (904,1481)  (728,1481)  (819,1297)  (865,1297)  (911,1297)  (735,1296)  (858,1526)  (812,1526)  (766,1527)  (720,1527)  (781,1251)  (827,1251)  (873,1251)
S-2  (561,1364)  (515,1409)  (515,1363)  (606,1410)  (561,1318)  (607,1318)  (607,1364)  (513,1317)  (560,1455)  (514,1455)  (469,1409)  (469,1363)  (652,1410)  (652,1456)  (606,1456)  (468,1456)  (559,1272)  (605,1272)  (651,1272)  (653,1318)  (653,1364)  (467,1317)  (470,1271)  (560,1501)  (514,1501)  (671,1502)  (625,1502)  (468,1502)  (516,1226)  (562,1226)  (608,1226)  (579,1547)  (533,1547)  (668,1548)  (487,1548)  (441,1548)  (482,1180)  (528,1180)
CMe  (2575,71)  (2565,117)  (2546,25)  (2592,25)
W-1  (75,120)  (29,156)  (29,110)  (120,166)  (75,74)  (121,83)  (18,64)
S-5  (1211,1500)  (1165,1545)  (1165,1499)  (1256,1546)  (1211,1454)  (1257,1499)  (1163,1453)  (1155,1407)
WTx  (1188,1047)  (1142,1092)  (1142,1046)  (1233,1093)  (1234,1025)  (1140,1000)  (1127,954)  (1173,954)
S-4  (1029,1475)  (983,1520)  (983,1474)  (1074,1521)  (1029,1429)  (1075,1429)  (1075,1475)  (981,1428)  (960,1382)  (962,1336)
W-3  (43,454)  (68,500)  (11,408)  (57,408)
W-2  (62,289)  (16,333)  (16,287)  (107,335)  (62,243)  (108,243)  (108,289)  (13,241)
S-6  (1539,1485)  (1493,1530)  (1493,1484)  (1584,1531)  (1539,1439)  (1585,1439)  (1585,1485)  (1491,1438)  (1447,1552)  (1447,1506)  (1630,1531)  (1557,1393)  (1603,1393)  (1631,1439)  (1631,1485)
SEN  (999,1121)  (953,1166)  (953,1120)  (1044,1167)  (999,1075)  (1045,1083)  (951,1074)  (907,1132)
W-5  (61,784)  (15,829)  (15,783)  (106,830)  (61,738)  (13,737)  (107,732)
W-4  (44,615)  (68,661)  (12,569)
W-6  (88,938)  (42,963)  (42,917)  (134,911)  (134,957)
EId  (557,362)  (511,379)  (602,408)  (516,316)  (562,316)  (603,362)
Portland  (191,320)  (193,366)  (190,274)
CMs  (1790,1152)  (1835,1198)  (1789,1198)  (1761,1106)
CMt  (820,240)  (774,254)  (774,208)  (865,286)  (866,232)  (745,162)  (791,162)
WNC  (2252,773)
CVa  (2260,669)  (2263,623)
SUt  (645,792)  (599,837)  (599,791)  (645,746)  (691,746)  (691,792)  (597,745)
SMo  (1699,946)  (1738,992)  (1692,992)  (1678,900)  (1724,889)
SMn  (1495,473)  (1449,518)  (1449,472)  (1510,519)  (1540,427)  (1541,473)  (1447,426)  (1464,564)  (1586,423)  (1517,565)  (1587,469)
ESD  (1324,410)  (1278,411)  (1278,365)  (1369,456)  (1324,364)  (1370,386)  (1323,457)
New Orleans  (1690,1254)  (1666,1208)  (1736,1259)  (1759,1305)  (1620,1173)  (1666,1162)  (1782,1255)  (1712,1156)
Salt Lake City  (640,581)  (594,626)  (685,627)  (607,535)  (653,535)  (686,581)  (639,672)  (593,672)  (731,643)  (685,673)  (614,489)  (660,489)  (747,689)

Northern Command  (1972,1455)  (1926,1500)  (1926,1454)  (2017,1501)  (1972,1409)  (2018,1409)  (2018,1455)  (1924,1408)  (1880,1512)  (1880,1466)  (2063,1501)  (2064,1391)  (2064,1437)  (1878,1420)
Denver  (1042,746)  (996,763)  (1047,700)  (1088,746)
NCo  (978,604)  (998,650)  (952,650)  (955,558)  (1024,580)
Washington D.C.  (2370,635)  (2324,597)  (2415,681)  (2369,681)  (2370,589)  (2416,589)  (2416,635)
Dallas  (1467,1110)  (1421,1145)  (1421,1099)  (1513,1081)  (1513,1127)
St. Louis  (1599,823)  (1553,863)  (1553,817)  (1599,777)  (1645,781)  (1645,827)  (1546,771)  (1691,778)
SVa  (2129,827)  (2154,781)
WMt  (651,189)  (605,180)  (679,235)  (633,235)  (651,143)  (595,134)
CVt  (2399,230)  (2353,234)  (2445,191)  (2445,237)  (2384,280)
SFV  (199,711)  (236,757)
WVa  (2077,714)  (2078,760)  (2058,668)  (2104,668)  (2123,714)  (2032,767)
San Antonio  (1219,1281)  (1173,1323)  (1173,1277)  (1264,1327)  (1219,1235)  (1265,1235)  (1265,1281)  (1168,1231)  (1310,1327)  (1214,1189)  (1260,1189)  (1154,1185)
SWN  (793,1133)  (747,1178)  (747,1132)  (839,1095)  (839,1141)
NEC  (270,506)  (295,552)  (249,552)  (245,460)  (291,460)
N-2  (576,12)  (619,18)  (651,22)  (674,61)  (639,53)  (599,53)
NTx  (1345,1025)  (1368,1071)  (1322,1071)  (1391,1017)  (1370,1117)  (1437,1013)  (1483,1012)
N-1  (451,20)  (487,24)  (519,59)  (461,43)  (407,24)  (375,10)  (321,9)  (287,16)
N-4  (968,38)  (1022,29)  (1021,31)  (1068,43)  (1068,43)  (992,21)  (992,21)  (1000,81)  (1000,81)  (972,81)  (972,81)  (1060,75)  (1060,75)  (1060,75)  (1085,85)  (1085,85)  (1124,85)  (1130,80)  (1173,90)  (1175,90)  (1204,79)  (1285,88)  (1285,88)  (1282,82)  (1228,65)  (1255,37)  (1260,36)  (1212,33)  (1212,33)  (1164,27)  (1121,22)  (1121,22)  (1081,15)
N-3  (818,54)  (771,56)  (736,52)  (734,13)  (786,13)  (816,9)  (863,17)  (889,64)  (863,79)  (818,87)
NEN  (1022,975)  (976,998)  (1067,1021)  (1068,941)
N-5  (1502,62)  (1563,67)  (1563,67)  (1621,67)  (1621,67)  (1657,52)  (1656,51)  (1601,28)  (1601,28)  (1540,32)  (1540,32)  (1493,36)  (1493,36)  (1456,28)  (1456,28)  (1415,32)  (1415,32)  (1373,23)  (1373,23)  (1370,70)  (1370,70)  (1413,80)  (1415,80)  (1466,70)  (1512,82)  (1512,82)  (1606,107)  (1606,107)  (1649,101)  (1649,101)  (1675,48)  (1675,48)  (1683,20)  (1683,20)  (1631,21)  (1631,21)
SNv  (484,779)  (438,767)  (515,825)  (484,733)  (425,721)
COk  (1327,935)  (1281,964)  (1281,918)  (1373,904)  (1373,950)  (1259,872)  (1419,938)
Philadelphia  (2348,504)  (2394,481)  (2412,435)  (2440,481)
WNv  (383,578)  (425,624)  (379,624)  (354,532)  (400,532)  (363,486)  (409,486)
WWa  (226,152)  (231,198)  (217,106)
ECa  (284,686)  (325,732)  (251,640)
Detroit  (1937,400)  (1891,409)  (1891,363)  (1976,446)  (1937,354)  (1923,308)
CWy  (947,450)  (901,475)  (901,429)  (947,404)  (993,441)  (993,487)
NMi  (1678,279)  (1632,301)  (1724,252)  (1770,257)
SGa  (2148,1132)  (2102,1171)  (2102,1125)  (2194,1100)  (2194,1146)
SWy  (839,609)  (793,593)  (884,655)  (838,655)  (839,563)  (885,572)  (776,547)  (823,701)  (752,501)  (798,501)
CPa  (2293,452)  (2247,472)  (2329,406)
Memphis  (1851,956)  (1805,978)  (1805,932)  (1897,957)
NWC  (155,482)  (169,528)  (133,436)  (179,436)
Buffalo  (2227,390)  (2175,454)
ETn  (2015,957)  (2050,911)
Pittsburgh  (2170,585)  (2187,631)  (2154,539)
NNe  (1237,579)  (1191,607)  (1191,561)  (1282,625)  (1283,549)  (1145,605)  (1329,547)  (1099,605)  (1375,555)
NWN  (822,986)  (776,1031)  (776,985)  (867,1032)  (822,940)  (868,940)  (868,986)  (774,939)
E-1  (2556,617)  (2510,662)  (2510,616)  (2556,571)  (2602,571)  (2602,617)
ETx  (1472,1307)  (1426,1296)  (1503,1353)
E-3  (2490,947)  (2444,992)  (2444,946)  (2490,901)  (2536,901)  (2536,947)  (2398,1013)  (2398,967)  (2582,869)  (2582,915)  (2582,961)  (2352,1025)  (2628,857)  (2628,903)  (2628,949)
E-2  (2562,783)  (2516,827)  (2516,781)  (2562,737)  (2608,737)  (2608,783)
E-5  (2471,1193)  (2425,1238)  (2425,1192)  (2481,1239)  (2471,1147)  (2517,1147)  (2517,1193)  (2379,1262)  (2379,1216)  (2379,1170)  (2563,1121)  (2563,1167)  (2563,1213)  (2333,1235)  (2333,1189)  (2609,1110)  (2609,1156)  (2609,1202)  (2287,1182)
E-4  (2457,1077)  (2411,1096)  (2503,1048)  (2365,1106)  (2549,1037)  (2319,1116)  (2595,1025)
E-6  (2496,1336)  (2450,1381)  (2450,1335)  (2516,1290)  (2542,1336)  (2562,1280)  (2404,1389)  (2404,1343)  (2588,1326)  (2608,1269)
CIa  (1586,657)  (1540,702)  (1540,656)  (1631,703)  (1595,611)  (1641,602)  (1494,660)  (1591,565)  (1637,556)
ENC  (2390,809)  (2344,827)  (2411,763)
Tampa  (2226,1251)  (2180,1227)  (2238,1297)
Indianapolis  (1900,584)  (1944,630)  (1898,630)  (1887,538)  (1907,492)
EMt  (984,232)  (938,250)  (938,204)  (1029,278)  (984,186)  (1030,193)  (983,296)  (909,158)
Cleveland  (2036,569)  (1990,536)  (2018,615)  (2082,538)  (2082,584)
NWy  (750,378)  (704,406)  (704,360)  (796,361)  (796,407)  (727,314)
WId  (407,338)  (361,383)  (406,292)  (452,292)
Minneapolis  (1476,244)  (1430,284)  (1430,238)  (1521,290)  (1476,198)  (1522,198)  (1522,244)  (1423,192)  (1475,330)  (1536,336)  (1512,152)  (1568,171)  (1390,146)  (1436,146)
Atlanta  (2120,1014)  (2074,1059)  (2166,1010)
CAr  (1575,958)  (1529,936)  (1601,1004)  (1605,912)
SIl  (1795,719)  (1749,702)  (1816,765)  (1795,673)
SIn  (1909,728)  (1955,685)  (1955,731)  (1871,787)
Phoenix  (623,1123)  (577,1130)  (577,1084)  (668,1169)  (669,1084)
SAl  (1994,1181)  (2040,1210)
New York  (2473,345)
SSC  (2285,974)  (2299,928)
SAr  (1635,1082)  (1589,1099)  (1681,1070)
Chicago  (1752,558)  (1706,603)  (1798,549)  (1692,649)
WSD  (1142,438)  (1096,483)  (1096,437)  (1187,484)  (1142,392)  (1188,392)  (1188,438)  (1094,391)  (1233,484)  (1140,346)  (1186,346)  (1048,397)  (1081,345)
ENv  (503,535)  (546,581)  (500,581)  (477,489)  (523,489)  (549,535)  (538,627)  (492,627)  (478,443)  (533,673)  (487,673)
Miami  (2308,1396)  (2262,1373)  (2349,1442)
San Francisco  (186,843)  (165,797)  (232,867)
Los Angeles  (295,960)  (249,945)  (320,1006)  (341,959)  (436,938)  (482,939)
Houston  (1566,1243)  (1520,1199)  (1611,1289)  (1565,1289)  (1612,1241)